*Main> factors 137654
[2,11,6257]
(0.01 secs, 2,327,720 bytes)
*Main> factors2 137654
[2,11,6257]
(0.00 secs, 85,992 bytes)

*Main> factors (666013)
[666013]
(0.33 secs, 239,835,584 bytes)
*Main> factors2 (666013)
[666013]
(0.00 secs, 201,592 bytes)

*Main> factors (666013 * 666019)
[666013,666019]
(0.34 secs, 239,842,608 bytes)
*Main> factors2 (666013 * 666019)
[666013,666019]
(0.20 secs, 106,639,304 bytes)

*Main> factors 12345678910
[2,5,^CInterrupted.
*taking too much time*
*Main> factors2 12345678910
[2,5,1234567891]
(0.02 secs, 5,701,552 bytes)

*Main> factors 661398768910
[2,5,11,^CInterrupted.
*Main> factors2 661398768910
[2,5,11,6012716081]
(0.03 secs, 12,491,408 bytes)

*Main> factors ((10^13) * (17^12) * 666013 * 666019)
[2,2,2,2,2,2,2,2,2,2,2,2,2,5,5,5,5,5,5,5,5,5,5,5,5,5,17,17,17,17,17,17,17,17,17,17,17,17,666013,666019]
(0.34 secs, 239,942,864 bytes)
*Main> factors2 ((10^13) * (17^12) * 666013 * 666019)
[2,2,2,2,2,2,2,2,2,2,2,2,2,5,5,5,5,5,5,5,5,5,5,5,5,5,17,17,17,17,17,17,17,17,17,17,17,17,666013,666019]
(0.22 secs, 106,735,352 bytes)
